"","V2","V3","V4","V5","V6","V7","V8","V9","V10","V11","V12","V13","V14","V15"
"V2",1,0.154686098655212,0.999936330760086,0.999995736015729,0.99995687654852,0.999940223556842,0.999932222119698,0.999935110548947,0.998906187185097,0.974339612970384,0.999459980923545,0.961127061665036,-0.109722890321833,0.0595969937617611
"V3",0.154686098655212,1,0.147416273323417,0.153504222557707,0.149145628478235,0.147090458675646,0.147199687018001,0.149824618703138,0.146806840393075,0.146562072546946,0.150363938773695,0.144479030207796,0.2579284964037,0.298471986133108
"V4",0.999936330760086,0.147416273323417,1,0.99995207343916,0.999994373850309,0.999997255192839,0.999975855776825,0.999949064529049,0.99891415733581,0.973662171880042,0.999404369702579,0.960423641289191,-0.108049806366721,0.0598417122479007
"V5",0.999995736015729,0.153504222557707,0.99995207343916,1,0.999964956869286,0.999956079942143,0.999950777109296,0.999945220761114,0.998920903847081,0.974393316870137,0.999485357185744,0.961146875812017,-0.109458626856854,0.0596562873779563
"V6",0.99995687654852,0.149145628478235,0.999994373850309,0.999964956869286,1,0.999991241919648,0.999964847201122,0.9999565293662,0.998906607941952,0.973616059976668,0.999393445136403,0.96047818733922,-0.108163843490407,0.059480005616243
"V7",0.999940223556842,0.147090458675646,0.999997255192839,0.999956079942143,0.999991241919648,1,0.99998525770429,0.999949513958396,0.998940252510781,0.974065753178603,0.999413294808718,0.960792764164751,-0.109217185801971,0.0595378277051395
"V8",0.999932222119698,0.147199687018001,0.999975855776825,0.999950777109296,0.999964847201122,0.99998525770429,1,0.999946318239736,0.999000951015017,0.974617119285948,0.999446799978983,0.961220434354817,-0.110636449643454,0.0592768604360993
"V9",0.999935110548947,0.149824618703138,0.999949064529049,0.999945220761114,0.9999565293662,0.999949513958396,0.999946318239736,1,0.999008393352781,0.973569093833293,0.999457104799778,0.960540902255617,-0.107302754674255,0.0585099934838648
"V10",0.998906187185097,0.146806840393075,0.99891415733581,0.998920903847081,0.998906607941952,0.998940252510781,0.999000951015017,0.999008393352781,1,0.979114444522641,0.999482299479975,0.965428559797075,-0.122065585679979,0.0302796519817597
"V11",0.974339612970384,0.146562072546946,0.973662171880042,0.974393316870137,0.973616059976668,0.974065753178603,0.974617119285948,0.973569093833293,0.979114444522641,1,0.977456437736204,0.986405365073005,-0.240644818065271,-0.0223917176386839
"V12",0.999459980923545,0.150363938773695,0.999404369702579,0.999485357185744,0.999393445136403,0.999413294808718,0.999446799978983,0.999457104799778,0.999482299479975,0.977456437736204,1,0.965174852082138,-0.113988809386704,0.0469200815465231
"V13",0.961127061665036,0.144479030207796,0.960423641289191,0.961146875812017,0.96047818733922,0.960792764164751,0.961220434354817,0.960540902255617,0.965428559797075,0.986405365073005,0.965174852082138,1,-0.240190740547659,-0.0170263397431124
"V14",-0.109722890321833,0.2579284964037,-0.108049806366721,-0.109458626856854,-0.108163843490407,-0.109217185801971,-0.110636449643454,-0.107302754674255,-0.122065585679979,-0.240644818065271,-0.113988809386704,-0.240190740547659,1,0.617736413130502
"V15",0.0595969937617611,0.298471986133108,0.0598417122479007,0.0596562873779563,0.059480005616243,0.0595378277051395,0.0592768604360993,0.0585099934838648,0.0302796519817597,-0.0223917176386839,0.0469200815465231,-0.0170263397431124,0.617736413130502,1
